0.000000 0.594400
0.010000 0.682728
0.020000 0.771056
0.030000 0.859384
0.040000 0.947711
0.050000 1.036039
0.060000 1.124367
0.070000 1.212695
0.080000 1.301023
0.090000 1.389351
0.100000 1.477678
0.110000 1.486000
0.120000 1.486000
0.130000 1.486000
0.140000 1.486000
0.150000 1.486000
0.160000 1.486000
0.170000 1.486000
0.180000 1.486000
0.190000 1.486000
0.200000 1.486000
0.210000 1.486000
0.220000 1.486000
0.230000 1.486000
0.240000 1.486000
0.250000 1.486000
0.260000 1.486000
0.270000 1.486000
0.280000 1.486000
0.290000 1.486000
0.300000 1.486000
0.310000 1.486000
0.320000 1.486000
0.330000 1.486000
0.340000 1.486000
0.350000 1.486000
0.360000 1.486000
0.370000 1.486000
0.380000 1.486000
0.390000 1.486000
0.400000 1.486000
0.410000 1.486000
0.420000 1.486000
0.430000 1.486000
0.440000 1.486000
0.450000 1.486000
0.460000 1.486000
0.470000 1.486000
0.480000 1.486000
0.490000 1.486000
0.500000 1.486000
0.510000 1.470588
0.520000 1.442308
0.530000 1.415094
0.540000 1.388889
0.550000 1.363636
0.560000 1.339286
0.570000 1.315789
0.580000 1.293103
0.590000 1.271186
0.600000 1.250000
0.610000 1.229508
0.620000 1.209677
0.630000 1.190476
0.640000 1.171875
0.650000 1.153846
0.660000 1.136364
0.670000 1.119403
0.680000 1.102941
0.690000 1.086957
0.700000 1.071429
0.710000 1.056338
0.720000 1.041667
0.730000 1.027397
0.740000 1.013514
0.750000 1.000000
0.760000 0.986842
0.770000 0.974026
0.780000 0.961538
0.790000 0.949367
0.800000 0.937500
0.810000 0.925926
0.820000 0.914634
0.830000 0.903614
0.840000 0.892857
0.850000 0.882353
0.860000 0.872093
0.870000 0.862069
0.880000 0.852273
0.890000 0.842697
0.900000 0.833333
0.910000 0.824176
0.920000 0.815217
0.930000 0.806452
0.940000 0.797872
0.950000 0.789474
0.960000 0.781250
0.970000 0.773196
0.980000 0.765306
0.990000 0.757576
1.000000 0.750000
1.010000 0.742574
1.020000 0.735294
1.030000 0.728155
1.040000 0.721154
1.050000 0.714286
1.060000 0.707547
1.070000 0.700935
1.080000 0.694444
1.090000 0.688073
1.100000 0.681818
1.110000 0.675676
1.120000 0.669643
1.130000 0.663717
1.140000 0.657895
1.150000 0.652174
1.160000 0.646552
1.170000 0.641026
1.180000 0.635593
1.190000 0.630252
1.200000 0.625000
1.210000 0.619835
1.220000 0.614754
1.230000 0.609756
1.240000 0.604839
1.250000 0.600000
1.260000 0.595238
1.270000 0.590551
1.280000 0.585938
1.290000 0.581395
1.300000 0.576923
1.310000 0.572519
1.320000 0.568182
1.330000 0.563910
1.340000 0.559701
1.350000 0.555556
1.360000 0.551471
1.370000 0.547445
1.380000 0.543478
1.390000 0.539568
1.400000 0.535714
1.410000 0.531915
1.420000 0.528169
1.430000 0.524476
1.440000 0.520833
1.450000 0.517241
1.460000 0.513699
1.470000 0.510204
1.480000 0.506757
1.490000 0.503356
1.500000 0.500000
1.510000 0.496689
1.520000 0.493421
1.530000 0.490196
1.540000 0.487013
1.550000 0.483871
1.560000 0.480769
1.570000 0.477707
1.580000 0.474684
1.590000 0.471698
1.600000 0.468750
1.610000 0.465839
1.620000 0.462963
1.630000 0.460123
1.640000 0.457317
1.650000 0.454545
1.660000 0.451807
1.670000 0.449102
1.680000 0.446429
1.690000 0.443787
1.700000 0.441176
1.710000 0.438596
1.720000 0.436047
1.730000 0.433526
1.740000 0.431034
1.750000 0.428571
1.760000 0.426136
1.770000 0.423729
1.780000 0.421348
1.790000 0.418994
1.800000 0.416667
1.810000 0.414365
1.820000 0.412088
1.830000 0.409836
1.840000 0.407609
1.850000 0.405405
1.860000 0.403226
1.870000 0.401070
1.880000 0.398936
1.890000 0.396825
1.900000 0.394737
1.910000 0.392670
1.920000 0.390625
1.930000 0.388601
1.940000 0.386598
1.950000 0.384615
1.960000 0.382653
1.970000 0.380711
1.980000 0.378788
1.990000 0.376884
2.000000 0.375000
2.010000 0.373134
2.020000 0.371287
2.030000 0.369458
2.040000 0.367647
2.050000 0.365854
2.060000 0.364078
2.070000 0.362319
2.080000 0.360577
2.090000 0.358852
2.100000 0.357143
2.110000 0.355450
2.120000 0.353774
2.130000 0.352113
2.140000 0.350467
2.150000 0.348837
2.160000 0.347222
2.170000 0.345622
2.180000 0.344037
2.190000 0.342466
2.200000 0.340909
2.210000 0.339367
2.220000 0.337838
2.230000 0.336323
2.240000 0.334821
2.250000 0.333333
2.260000 0.331858
2.270000 0.330396
2.280000 0.328947
2.290000 0.327511
2.300000 0.326087
2.310000 0.324675
2.320000 0.323276
2.330000 0.321888
2.340000 0.320513
2.350000 0.319149
2.360000 0.317797
2.370000 0.316456
2.380000 0.315126
2.390000 0.313808
2.400000 0.312500
2.410000 0.311203
2.420000 0.309917
2.430000 0.308642
2.440000 0.307377
2.450000 0.306122
2.460000 0.304878
2.470000 0.303644
2.480000 0.302419
2.490000 0.301205
2.500000 0.300000
2.510000 0.298805
2.520000 0.297619
2.530000 0.296443
2.540000 0.295276
2.550000 0.294118
2.560000 0.292969
2.570000 0.291829
2.580000 0.290698
2.590000 0.289575
2.600000 0.288462
2.610000 0.287356
2.620000 0.286260
2.630000 0.285171
2.640000 0.284091
2.650000 0.283019
2.660000 0.281955
2.670000 0.280899
2.680000 0.279851
2.690000 0.278810
2.700000 0.277778
2.710000 0.276753
2.720000 0.275735
2.730000 0.274725
2.740000 0.273723
2.750000 0.272727
2.760000 0.271739
2.770000 0.270758
2.780000 0.269784
2.790000 0.268817
2.800000 0.267857
2.810000 0.266904
2.820000 0.265957
2.830000 0.265018
2.840000 0.264085
2.850000 0.263158
2.860000 0.262238
2.870000 0.261324
2.880000 0.260417
2.890000 0.259516
2.900000 0.258621
2.910000 0.257732
2.920000 0.256849
2.930000 0.255973
2.940000 0.255102
2.950000 0.254237
2.960000 0.253378
2.970000 0.252525
2.980000 0.251678
2.990000 0.250836
3.000000 0.250000
3.010000 0.249169
3.020000 0.248344
3.030000 0.247525
3.040000 0.246711
3.050000 0.245902
3.060000 0.245098
3.070000 0.244300
3.080000 0.243506
3.090000 0.242718
3.100000 0.241935
3.110000 0.241158
3.120000 0.240385
3.130000 0.239617
3.140000 0.238854
3.150000 0.238095
3.160000 0.237342
3.170000 0.236593
3.180000 0.235849
3.190000 0.235110
3.200000 0.234375
3.210000 0.233645
3.220000 0.232919
3.230000 0.232198
3.240000 0.231481
3.250000 0.230769
3.260000 0.230061
3.270000 0.229358
3.280000 0.228659
3.290000 0.227964
3.300000 0.227273
3.310000 0.226586
3.320000 0.225904
3.330000 0.225225
3.340000 0.224551
3.350000 0.223881
3.360000 0.223214
3.370000 0.222552
3.380000 0.221893
3.390000 0.221239
3.400000 0.220588
3.410000 0.219941
3.420000 0.219298
3.430000 0.218659
3.440000 0.218023
3.450000 0.217391
3.460000 0.216763
3.470000 0.216138
3.480000 0.215517
3.490000 0.214900
3.500000 0.214286
3.510000 0.213675
3.520000 0.213068
3.530000 0.212465
3.540000 0.211864
3.550000 0.211268
3.560000 0.210674
3.570000 0.210084
3.580000 0.209497
3.590000 0.208914
3.600000 0.208333
3.610000 0.207756
3.620000 0.207182
3.630000 0.206612
3.640000 0.206044
3.650000 0.205479
3.660000 0.204918
3.670000 0.204360
3.680000 0.203804
3.690000 0.203252
3.700000 0.202703
3.710000 0.202156
3.720000 0.201613
3.730000 0.201072
3.740000 0.200535
3.750000 0.200000
3.760000 0.199468
3.770000 0.198939
3.780000 0.198413
3.790000 0.197889
3.800000 0.197368
3.810000 0.196850
3.820000 0.196335
3.830000 0.195822
3.840000 0.195312
3.850000 0.194805
3.860000 0.194301
3.870000 0.193798
3.880000 0.193299
3.890000 0.192802
3.900000 0.192308
3.910000 0.191816
3.920000 0.191327
3.930000 0.190840
3.940000 0.190355
3.950000 0.189873
3.960000 0.189394
3.970000 0.188917
3.980000 0.188442
3.990000 0.187970
4.000000 0.187500
4.010000 0.187032
4.020000 0.186567
4.030000 0.186104
4.040000 0.185644
4.050000 0.185185
4.060000 0.184729
4.070000 0.184275
4.080000 0.183824
4.090000 0.183374
4.100000 0.182927
4.110000 0.182482
4.120000 0.182039
4.130000 0.181598
4.140000 0.181159
4.150000 0.180723
4.160000 0.180288
4.170000 0.179856
4.180000 0.179426
4.190000 0.178998
4.200000 0.178571
4.210000 0.178147
4.220000 0.177725
4.230000 0.177305
4.240000 0.176887
4.250000 0.176471
4.260000 0.176056
4.270000 0.175644
4.280000 0.175234
4.290000 0.174825
4.300000 0.174419
4.310000 0.174014
4.320000 0.173611
4.330000 0.173210
4.340000 0.172811
4.350000 0.172414
4.360000 0.172018
4.370000 0.171625
4.380000 0.171233
4.390000 0.170843
4.400000 0.170455
4.410000 0.170068
4.420000 0.169683
4.430000 0.169300
4.440000 0.168919
4.450000 0.168539
4.460000 0.168161
4.470000 0.167785
4.480000 0.167411
4.490000 0.167038
4.500000 0.166667
4.510000 0.166297
4.520000 0.165929
4.530000 0.165563
4.540000 0.165198
4.550000 0.164835
4.560000 0.164474
4.570000 0.164114
4.580000 0.163755
4.590000 0.163399
4.600000 0.163043
4.610000 0.162690
4.620000 0.162338
4.630000 0.161987
4.640000 0.161638
4.650000 0.161290
4.660000 0.160944
4.670000 0.160600
4.680000 0.160256
4.690000 0.159915
4.700000 0.159574
4.710000 0.159236
4.720000 0.158898
4.730000 0.158562
4.740000 0.158228
4.750000 0.157895
4.760000 0.157563
4.770000 0.157233
4.780000 0.156904
4.790000 0.156576
4.800000 0.156250
4.810000 0.155925
4.820000 0.155602
4.830000 0.155280
4.840000 0.154959
4.850000 0.154639
4.860000 0.154321
4.870000 0.154004
4.880000 0.153689
4.890000 0.153374
4.900000 0.153061
4.910000 0.152749
4.920000 0.152439
4.930000 0.152130
4.940000 0.151822
4.950000 0.151515
4.960000 0.151210
4.970000 0.150905
4.980000 0.150602
4.990000 0.150301
5.000000 0.150000
5.010000 0.149701
5.020000 0.149402
5.030000 0.149105
5.040000 0.148810
5.050000 0.148515
5.060000 0.148221
5.070000 0.147929
5.080000 0.147638
5.090000 0.147348
5.100000 0.147059
5.110000 0.146771
5.120000 0.146484
5.130000 0.146199
5.140000 0.145914
5.150000 0.145631
5.160000 0.145349
5.170000 0.145068
5.180000 0.144788
5.190000 0.144509
5.200000 0.144231
5.210000 0.143954
5.220000 0.143678
5.230000 0.143403
5.240000 0.143130
5.250000 0.142857
5.260000 0.142586
5.270000 0.142315
5.280000 0.142045
5.290000 0.141777
5.300000 0.141509
5.310000 0.141243
5.320000 0.140977
5.330000 0.140713
5.340000 0.140449
5.350000 0.140187
5.360000 0.139925
5.370000 0.139665
5.380000 0.139405
5.390000 0.139147
5.400000 0.138889
5.410000 0.138632
5.420000 0.138376
5.430000 0.138122
5.440000 0.137868
5.450000 0.137615
5.460000 0.137363
5.470000 0.137112
5.480000 0.136861
5.490000 0.136612
5.500000 0.136364
5.510000 0.136116
5.520000 0.135870
5.530000 0.135624
5.540000 0.135379
5.550000 0.135135
5.560000 0.134892
5.570000 0.134650
5.580000 0.134409
5.590000 0.134168
5.600000 0.133929
5.610000 0.133690
5.620000 0.133452
5.630000 0.133215
5.640000 0.132979
5.650000 0.132743
5.660000 0.132509
5.670000 0.132275
5.680000 0.132042
5.690000 0.131810
5.700000 0.131579
5.710000 0.131349
5.720000 0.131119
5.730000 0.130890
5.740000 0.130662
5.750000 0.130435
5.760000 0.130208
5.770000 0.129983
5.780000 0.129758
5.790000 0.129534
5.800000 0.129310
5.810000 0.129088
5.820000 0.128866
5.830000 0.128645
5.840000 0.128425
5.850000 0.128205
5.860000 0.127986
5.870000 0.127768
5.880000 0.127551
5.890000 0.127334
5.900000 0.127119
5.910000 0.126904
5.920000 0.126689
5.930000 0.126476
5.940000 0.126263
5.950000 0.126050
5.960000 0.125839
5.970000 0.125628
5.980000 0.125418
5.990000 0.125209
